ID	Bifidobacterium adolescentis	Bifidobacterium bifidum	Bifidobacterium longum	Bifidobacterium pseudocatenulatum	Collinsella aerofaciens	Bacteroides caccae	Bacteroides cellulosilyticus	Bacteroides dorei	Bacteroides eggerthii	Bacteroides faecis	Bacteroides finegoldii	Bacteroides fragilis	Bacteroides intestinalis	Bacteroides massiliensis	Bacteroides ovatus	Bacteroides salyersiae	Bacteroides stercoris	Bacteroides thetaiotaomicron	Bacteroides uniformis	Bacteroides vulgatus	Bacteroides xylanisolvens	Bacteroidales bacterium ph8	Barnesiella intestinihominis	Coprobacter fastidiosus	Odoribacter splanchnicus	Parabacteroides distasonis	Parabacteroides goldsteinii	Parabacteroides merdae	Parabacteroides unclassified	Paraprevotella clara	Paraprevotella unclassified	Prevotella copri	Alistipes finegoldii	Alistipes onderdonkii	Alistipes putredinis	Alistipes shahii	Alistipes unclassified	Streptococcus salivarius	Clostridium bolteae	Clostridium citroniae	Clostridium clostridioforme	Clostridium hathewayi	Clostridium leptum	Clostridium nexile	Clostridium symbiosum	Flavonifractor plautii	Eubacterium eligens	Eubacterium hallii	Eubacterium rectale	Eubacterium siraeum	Eubacterium sp 3 1 31	Eubacterium ventriosum	Ruminococcus gnavus	Ruminococcus obeum	Ruminococcus torques	Coprococcus comes	Dorea longicatena	Lachnospiraceae bacterium 1 1 57FAA	Lachnospiraceae bacterium 3 1 46FAA	Roseburia hominis	Roseburia intestinalis	Roseburia inulinivorans	Roseburia unclassified	Oscillibacter unclassified	Peptostreptococcaceae noname unclassified	Faecalibacterium prausnitzii	Ruminococcus bromii	Ruminococcus callidus	Ruminococcus lactaris	Subdoligranulum unclassified	Coprobacillus unclassified	Acidaminococcus unclassified	Dialister invisus	Veillonella atypica	Veillonella dispar	Veillonella parvula	Veillonella unclassified	Burkholderiales bacterium 1 1 47	Parasutterella excrementihominis	Sutterella wadsworthensis	Bilophila unclassified	Escherichia coli	Escherichia unclassified	Klebsiella pneumoniae	Haemophilus parainfluenzae	Akkermansia muciniphila	C2likevirus unclassified
CSM67UH7	0	0	0	0	0	13611	1813	7	0	0	0	9748	0	29542	3063	0	0	16746	14	44020	54	0	0	0	0	31	0	0	2814	0	0	0	0	3140	990	0	1973	6	6459	0	0	0	135	0	0	0	1523	215	6166	235	0	0	0	328	3731	963	292	0	2554	165	92	2415	0	2	110	11232	0	0	0	63453	0	0	0	0	0	2	76	9010	3904	0	747	119	62	273	1222	360894	311
CSM79HHW	962	0	0	0	0	53986	0	49950	0	0	0	14853	0	7	51262	0	0	0	34	16	975	0	0	0	0	0	0	0	150	0	0	0	0	0	50637	0	0	0	14433	0	241	218	74	4951	0	1256	0	0	15167	0	0	0	72776	0	5525	0	0	267	0	0	0	0	243	539	43	4631	0	0	0	24311	5124	0	0	872	0	267	0	0	1799	0	1605	61	246	0	0	0	0
HSM67VDT	0	0	1027	0	333	23324	0	1431	0	13922	2	82	0	38	20184	0	315233	9618	53042	57428	0	0	0	0	4686	4	2322	36022	0	0	0	0	2594	12579	78454	3720	0	200	33	0	0	0	991	0	0	75	59	14	11969	2724	0	1473	452	718	1149	0	425	0	13	200	12	85	143	3579	0	11449	0	0	1456	10956	0	0	3593	0	0	154	84	55	826	0	0	928	153	0	435	14301	0
HSM6XRQB	0	0	0	0	0	33308	0	0	0	0	0	0	0	20383	139689	0	0	0	30557	12972	1964	0	0	0	0	27	0	0	92	0	0	0	0	0	0	0	0	0	22294	173	748	22621	0	0	19109	668	0	7383	177	0	0	0	84156	555	16583	79	952	0	1773	1995	0	25303	0	1730	0	560	0	0	0	40491	30	0	0	0	0	0	0	0	0	0	0	0	0	126	0	0	0
HSM6XRR3	0	0	0	0	0	3	0	0	0	17	0	149554	0	14	39443	0	157116	43379	13281	23	35741	0	0	0	0	0	0	0	75185	0	0	0	7117	2505	72	0	13271	0	9423	0	152	0	0	0	1461	0	0	19	2841	3	0	0	0	97	2202	178	231	0	497	1239	51	1949	0	1268	0	20081	0	0	0	18841	0	0	3804	0	0	0	141	1223	2211	0	0	362	0	0	0	10608	0
HSMA33NW	1310	0	833	0	6	0	0	63	0	0	0	0	0	61998	16948	1981	101634	10297	6113	3545	520	1150	0	0	8203	0	0	35325	12260	0	0	0	9334	1356	41725	3090	0	0	5506	0	181	0	0	0	0	0	0	384	7041	0	0	0	0	2172	12090	322	537	0	431	0	0	0	509	6032	1042	14685	0	0	0	7579	0	0	17313	0	0	6	4	137	50	17365	3293	17841	0	0	0	0	0
HSMA33NY	3562	0	31	0	0	0	0	291	0	0	0	0	0	0	7572	1024	48034	5758	5839	33491	2591	1434	4908	0	2287	97	0	19482	0	3284	7992	78235	0	2773	26364	2312	0	0	81	59	0	0	1502	0	0	1434	0	756	23071	0	0	5611	879	349	4073	482	4517	0	994	3	4001	1496	0	4094	316	90498	0	341	4765	9683	0	0	0	0	0	0	0	85	13	17784	1791	29193	0	0	0	0	317
MSM5LLDI	532	100	1379	0	101	7702	25480	0	0	3874	0	20971	0	0	9221	0	109138	0	0	0	2332	1273	0	0	0	28268	0	4677	0	0	0	0	0	3674	37401	0	0	0	50	50	0	44	0	0	134	619	72	96	1561	0	0	0	333	3	469	0	0	0	0	0	0	0	0	0	0	3675	0	0	0	897	0	0	1431	0	0	0	0	0	0	0	912	750	54	0	0	0	0
MSM6J2PO	9426	903	1501	0	1007	2747	0	0	47666	0	185	0	0	0	212	0	11058	1172	39571	38005	254	0	178	0	0	105	0	18211	0	0	0	0	0	6	3216	106	0	3008	0	0	0	0	0	0	0	0	2393	1446	4883	108	0	1753	0	531	5577	2185	3197	0	0	761	2669	8840	0	0	652	77109	0	183	0	76656	0	0	0	256	302	2199	8504	0	17	0	34	0	0	0	8714	0	0
MSM6J2Q1	98	0	1151	0	279	5738	0	535	1066	247	17522	0	0	1082	7854	0	57435	1370	148060	9314	1372	11641	12888	160	4759	459	613	2772	2919	24784	48466	0	1007	2506	34745	12256	0	320	0	0	0	0	0	0	0	0	15147	18	9978	3934	0	151	0	242	2266	256	45	0	276	10596	1126	0	0	466	0	101431	837	2209	1824	31607	0	0	693	926	488	1029	2022	49	115	7369	62	0	54	0	2634	1128	0
MSM79H8D	1334	0	741	0	1145	0	0	38567	18677	45589	13983	0	0	50595	34283	0	18	13	161494	80	0	1421	26417	519	8958	39683	0	52260	0	0	0	0	3443	39596	69276	7920	0	0	699	110	16	0	190	0	28	518	0	1072	34293	222	0	405	83	974	2591	431	991	0	2325	156	0	1849	0	7733	322	34982	3678	0	0	54079	0	0	0	332	0	138	121	0	0	11905	4200	0	0	0	79	0	0
MSM79HBZ	0	0	0	0	0	0	0	0	0	0	0	41456	0	0	0	0	0	0	0	0	0	0	0	0	0	0	0	0	0	0	0	0	0	0	0	0	0	0	0	0	0	1002	0	3677	0	0	0	0	0	0	0	0	54	0	0	0	0	0	0	0	0	0	0	0	98	20839	0	0	0	124	1025	0	0	90	237	1020	29010	0	0	0	0	21124	942	2920	0	0	0
MSM79HCG	0	0	0	429	58	0	0	205309	0	0	0	0	0	0	0	0	0	255740	40	23	0	0	0	0	0	0	0	0	80	0	0	16	0	0	132001	16565	0	48	0	0	0	0	3780	0	0	1869	23931	99	28483	0	0	4419	0	80	1569	230	284	0	0	90	12234	6277	0	0	1104	158298	0	0	0	1633	0	0	10060	2473	1480	13170	2059	0	0	0	1594	0	0	0	2855	1192	0
MSM9VZL5	383	0	790	0	51	11990	0	18984	0	29	1427	0	0	2	19331	0	93213	8299	139153	29032	4454	0	9562	541	7187	0	3199	38701	0	0	0	0	1934	10024	32360	1107	0	0	0	0	0	0	695	0	0	118	0	173	58179	0	0	493	80	416	1878	17	1436	0	1181	467	104405	5655	0	1937	0	106732	0	12499	0	7039	0	0	2818	0	0	0	0	0	15	3957	2514	0	0	0	198	0	0
MSM9VZMM	0	0	590	0	0	8389	114360	59293	0	0	55217	0	0	97588	43	0	119740	20	249774	72840	6005	1796	37683	0	15663	0	0	7776	0	0	0	0	8192	13517	39410	12433	0	0	0	0	0	0	0	0	0	59	4044	4	1440	11572	0	0	0	65	1727	6	75	0	0	1131	9485	1679	0	936	0	91419	750	0	411	14279	0	0	0	18	56	483	506	0	0	12888	1367	77	0	0	2048	0	0
PSM6XBRK	0	123	123	484	693	14572	0	8980	0	32245	0	0	0	116945	29443	0	83911	452	5298	48434	48	0	4570	68	0	39642	0	5781	428	3454	5917	0	131	0	76	2509	0	0	0	0	0	0	0	0	0	253	1422	0	20875	0	0	12399	311	289	1639	2193	2047	0	4218	2012	0	6489	0	120	204	32497	0	0	1381	1162	0	17450	0	82	107	507	427	0	0	0	1151	0	0	0	0	0	0
PSM6XBSE	0	0	624	0	0	776	0	0	3382	0	0	14060	0	0	1185	0	0	210	842	7276	0	0	1239	0	0	0	0	0	429	0	0	0	0	34	0	0	36	255	127	0	0	0	0	0	159	0	0	131	23289	0	0	179	6299	1946	900	24	193	0	0	547	34725	8355	0	0	0	40182	0	0	0	3883	1594	160	0	554	211	965	1842	0	0	0	0	0	0	0	214	0	0
PSM6XBW3	0	0	1766	0	0	0	0	0	0	0	0	0	0	0	0	0	0	0	0	0	0	0	0	0	0	0	0	0	0	0	0	0	0	0	0	0	0	89	3316	0	1794	466	0	3440	2301	1618	0	0	0	962	0	0	29347	0	693	0	0	0	0	0	0	0	0	513	2153	0	0	0	0	36718	875	0	0	92	2223	12361	4769	0	0	0	0	34096	0	0	428	0	76
PSM7J4EF	32	0	83	0	0	0	0	18309	1308	0	0	4502	0	0	2580	0	0	0	1232	49	25	0	76	0	0	0	0	0	705	0	0	0	0	0	1074	0	0	0	0	0	0	0	0	0	0	0	365	0	5660	0	0	0	0	446	419	248	1011	84	81	0	0	0	8	0	0	5063	0	0	71	4603	0	0	5418	0	0	198	220	1647	1366	0	42	2785	4	0	804	0	0
PSMA265X	21	0	3055	0	0	0	0	0	0	0	0	68196	6907	0	4690	0	0	7107	30015	195392	563	0	0	0	0	3177	0	15021	0	0	0	10	0	9943	0	0	534	0	92	0	0	38	177	0	336	453	2595	790	67009	0	0	3240	108	981	5147	0	0	0	0	3	5900	168	0	5968	0	62059	0	0	1715	19636	0	0	256	0	0	54	0	0	0	0	1985	361	0	0	219	0	0
CSM5FZ3N_P	0	0	0	0	0	28802	0	111	0	0	0	6809	0	0	0	0	0	63221	265735	30214	0	0	0	0	0	0	0	0	0	0	0	0	0	0	0	0	0	0	1356	102	15659	105	202	0	203	205	0	1680	0	0	0	0	2301	584	7208	0	459	0	46	0	0	0	13412	2889	0	38817	0	0	0	2130	0	0	11751	0	0	0	0	0	0	0	0	114	131	0	0	0	1812
CSM5FZ4A_P	0	0	200	0	150	41736	536	1159	0	5032	10926	0	0	0	55569	0	278145	281	105049	207811	0	0	0	0	0	22776	0	20056	0	0	0	0	5125	0	0	0	3975	0	560	15	54	18	498	0	10	1305	680	0	4626	0	0	0	0	0	222	0	368	0	0	0	0	1236	0	23046	0	17668	0	0	390	13268	0	0	0	0	0	0	0	1218	8	0	4215	0	272	0	0	1134	10174
CSM5MCVB_P	37	0	86	0	0	13723	0	489911	0	0	0	0	0	9	621	0	0	347	684	1561	0	0	0	0	0	0	0	780	799	0	0	0	0	0	2069	0	0	8	0	0	0	0	0	0	20	0	155	0	224	0	0	81	138	0	0	0	8	0	0	0	636	154	0	142	0	1519	0	0	0	0	0	0	0	0	0	0	48	0	0	11202	0	80369	7969	0	0	0	0
HSM5MD8J_P	0	0	0	0	0	0	0	347	12	0	14401	6152	0	0	3700	0	163543	19398	14383	4341	0	843	0	0	0	38494	0	5684	0	0	0	79281	1489	0	7654	1714	876	0	9348	47	0	178	159	0	1567	1167	0	0	0	0	0	0	2024	693	778	0	929	0	585	16918	0	0	0	5811	0	8591	0	0	0	8033	0	0	0	0	0	0	0	35	0	5766	1794	47	151	0	0	27441	0
HSM5MD7Z_P	0	0	726	0	0	69806	0	18	0	0	1215	50933	0	0	91137	0	22	0	111416	237398	5049	0	0	0	18196	10882	0	5085	10339	0	0	0	19355	0	79123	12936	0	0	237	0	0	38	0	0	400	79	0	0	2053	0	0	0	856	178	750	410	0	0	123	7506	313	0	0	798	0	83077	0	7	0	13183	0	0	4404	62	0	952	0	413	0	859	1552	1886	0	0	3348	0	128
CSM5MCWK_P	0	0	20	0	0	41399	82597	21	0	381	0	0	3022	0	235	0	12026	89601	71076	213592	319	0	9553	0	11199	19899	0	6671	0	0	0	0	273	5476	97462	0	0	160	183	0	0	11	151	0	0	179	1078	3	7179	22204	0	657	118	24	1540	43	53	778	367	741	8486	3619	0	3513	0	59569	1526	0	0	44508	0	0	0	0	69	127	584	382	296	0	5307	94	354	96	1163	0	0
HSM5MD3L_P	0	0	1571	0	0	8280	60	95	0	0	0	1375	922	39	252	0	0	4556	7648	24991	4337	164	0	0	3461	0	0	202	0	0	0	0	0	11012	10688	0	0	1118	2767	62	0	190	442	0	88	21	0	0	14139	36	0	0	659	24	7343	4402	94	0	2306	509	0	51	0	493	0	33419	1947	0	0	5928	0	0	8182	0	362	13	73	9681	1097	0	4879	691	0	0	1213	0	49
HSM5MD8F_P	0	0	3672	0	0	0	0	10119	165327	0	0	0	0	11239	15851	0	14340	0	1122	25213	2138	0	0	0	0	13	0	0	52868	0	0	0	0	0	0	0	1109	0	792	49	40	933	19542	0	416	276	2045	0	3102	76	63	0	2031	0	18637	25	98	0	2730	3289	0	8482	0	320	328	70021	0	0	0	13281	18	2056	0	0	0	63	40	938	680	0	1767	11020	0	0	413	0	0
HSM5MD8H_P	0	0	152	0	0	8179	0	0	0	0	0	0	0	75222	34251	0	81675	0	0	0	0	0	0	0	0	0	0	0	0	0	0	0	1383	1014	0	3144	0	0	0	0	0	0	731	0	0	0	757	510	90624	5	0	0	1316	529	3736	0	5046	837	158	1051	0	933	0	230	0	60914	10631	0	4184	7280	0	0	1106	147	50	175	311	398	158	0	335	35	0	0	297	563	0
CSM5MCXF_P	0	140	178	0	326	3057	0	0	0	0	0	9601	0	0	21874	0	3712	6195	46398	24344	38	25	0	0	4936	7975	0	12166	0	0	0	0	0	4295	12594	0	0	0	0	0	0	0	0	0	0	457	1153	0	60546	0	0	0	0	1298	107	8	257	0	1495	0	0	1175	552	1282	398	31343	0	0	0	12886	467	0	0	0	0	48	186	0	0	0	127	2498	379	0	316	0	0
MSM6J2JH_P	91	0	0	0	0	7165	2191	3194	1149	5678	0	4644	124	18190	2753	0	5	4664	8881	7881	61	157	22411	0	3984	0	9127	0	5409	0	0	295492	679	519	6344	4542	0	0	0	0	0	0	0	0	0	0	7273	0	12243	4005	0	461	0	433	257	0	71	128	458	1486	5879	3577	0	382	0	50139	2678	0	957	42958	0	0	0	0	0	0	0	0	0	8186	242	0	0	0	0	0	0
CSM5MCYU_P	0	0	186	0	0	471	0	4169	0	0	0	0	0	0	933	0	1309	0	2738	1821	44	0	0	0	0	1499	0	0	69	0	556	88872	0	0	0	0	0	0	104	0	0	0	1231	0	35	355	555	0	35206	0	0	13	0	0	472	0	0	0	162	273	229	657	0	4970	0	14410	0	99	0	1368	0	0	0	0	0	0	0	0	0	0	0	68	202	0	0	64694	1665
ESM5MEB9_P	1933	2652	5680	0	1626	26062	0	14779	0	241	0	0	0	1601	60716	195	1540	24602	3252	116049	3863	0	0	0	0	0	0	3713	23022	0	0	138161	0	362	0	0	0	0	1089	0	0	0	872	0	546	0	0	1510	9354	0	0	788	0	11452	88482	2409	3906	0	5974	0	0	14249	0	0	0	89273	0	0	63	13669	0	0	0	11	0	403	508	0	0	14611	1980	13410	2638	0	32447	0	0
HSM6XRQC_P	0	0	47	0	0	0	0	0	0	0	0	67169	0	0	2509	0	8142	1034	0	1021	0	0	0	0	0	0	0	0	0	0	0	0	0	0	0	0	0	101	0	0	0	0	0	2557	10	0	0	0	2942	0	0	0	1776	0	341	0	0	0	0	0	0	148	0	0	0	0	0	0	0	70	0	0	0	351	463	7151	0	0	0	0	0	954	157	1368	459	0	23073
HSM6XRQE_P	15696	0	0	0	0	0	0	2211	0	0	0	0	0	8415	4749	0	12673	0	1266	14641	0	0	0	0	0	0	0	0	2334	0	0	0	0	0	0	0	0	0	0	0	0	0	0	0	0	0	0	0	22918	0	0	0	0	0	0	0	0	0	0	0	0	0	0	0	0	33715	0	0	0	5437	0	0	0	0	0	0	0	0	0	0	0	18527	10244	0	0	0	0
CSM67U9V_P	497	0	0	0	174	31889	0	7306	0	369	0	31600	0	0	29042	0	0	15561	181037	24822	65114	23474	0	0	21556	605	0	0	9963	0	0	0	2817	52757	53198	0	0	0	0	0	0	17	0	0	0	321	5105	0	1710	0	0	40	0	812	428	420	0	0	371	2376	364	406	0	7307	0	28707	0	2329	0	28215	170	0	1519	0	0	0	84	0	0	0	0	2301	1367	0	0	0	0
HSM67VDX_P	0	0	30496	40116	7269	53129	2105	40251	0	0	0	11265	0	0	9779	0	98156	6591	3104	81	1132	0	0	0	5373	20731	0	30318	0	0	2	0	2316	15093	52639	3804	0	0	4046	141	0	661	5864	0	2	278	3341	2586	54711	0	528	0	51677	3673	123066	11376	10660	0	14457	4181	421	753	0	4405	0	7842	0	0	6926	17529	93	15079	30	0	0	0	0	380	824	0	1661	4495	301	0	124	0	1278
HSM67VDR_P	39	548	472	0	153	977	0	1266	21	1347	4409	316	0	30875	16541	0	24516	1	6832	45000	2290	0	0	0	0	13	0	6217	8315	13132	62563	0	0	0	9234	868	0	0	0	0	0	0	31	0	0	0	112	97	5881	55	0	120	201	283	1193	305	468	0	250	193	21337	25243	0	270	161	19206	0	0	0	6748	0	0	639	26	83	316	370	0	0	15826	41	121	50	0	6834	0	133
MSM6J2N6_P	7601	40	1621	0	2058	0	0	3441	0	0	0	0	0	0	3242	0	0	477	2436	6436	0	453	6015	0	0	0	0	3519	0	0	0	323405	0	1295	6955	0	0	1155	0	0	0	0	0	0	0	0	1419	0	3640	0	0	0	0	310	0	0	528	0	0	0	226	0	84	1517	0	11353	0	0	0	2179	0	10127	0	206	60	1172	1168	0	0	15776	0	0	0	0	2581	0	368
PSM6XBRM_P	19	0	117	12	82	0	18096	10371	0	155947	0	74926	0	0	14126	0	88	0	132688	78800	7509	465	0	0	40061	1983	0	0	14308	0	0	0	6648	1340	35443	5183	0	224	0	0	0	0	0	0	0	0	7195	0	9647	0	0	0	1728	1854	3742	479	107	0	132	0	0	498	21	527	404	16203	1719	0	0	4916	0	0	29975	238	61	226	836	0	0	0	843	495	0	0	3038	0	0
CSM79HG7_P	0	0	5397	0	91	0	9377	720	0	0	6390	10976	0	0	1326	0	0	5715	48825	1742	4743	0	0	0	11287	333	0	19090	0	1295	898	0	0	0	59619	17818	0	81	0	0	0	0	0	0	208	0	0	500	887	3654	0	1375	0	286	252	1433	0	0	0	444	203	0	253	6237	0	22647	2593	0	180	34367	0	0	0	0	0	0	0	0	0	0	0	0	0	0	0	0	0
PSM6XBVY_P	0	0	0	0	0	11497	0	0	10	0	0	885	5529	0	24613	0	114006	17288	28234	134	4763	6717	0	0	12732	39778	0	7495	49659	0	0	0	0	0	68017	5786	0	3426	8591	0	143	105	376	0	187	143	0	117	0	1721	72	0	584	3075	729	1975	0	0	613	0	0	0	760	0	0	60423	30029	142	2945	7129	135	29252	0	807	0	335	2965	0	169	0	1266	73	55	0	11456	4380	0
MSM79HF1_P	0	0	0	0	3062	12999	0	5092	26664	12	23	0	0	11080	2621	0	1348	1330	24915	551	0	1414	4108	0	6041	15029	1256	3997	0	424	466	0	429	6294	0	962	0	0	0	0	0	0	623	0	0	0	1993	671	88162	17649	0	410	0	4799	6389	2567	3082	0	0	10468	818	3381	0	1083	0	54880	28345	0	6659	16277	0	0	0	0	0	0	0	816	1067	0	981	7407	2194	0	8227	579	0
HSM7CZ2X_P	0	8118	2945	1102	880	0	0	0	0	0	0	0	0	0	77863	0	0	0	0	367	11758	0	0	0	0	96500	0	40695	0	0	0	0	0	0	0	0	0	0	10537	0	1249	212	0	0	0	640	0	1029	162496	0	0	0	1223	220	4447	2944	3898	283	0	524	0	0	1051	0	0	17532	0	0	0	685	267	0	1207	0	0	20	0	13378	0	0	0	33108	1250	0	427	0	0
MSM79HBX_P	0	0	13275	14268	137	4251	2813	487	0	0	0	288	0	0	13339	0	52597	54067	3584	15042	0	2206	426	2160	0	193604	0	25925	0	0	0	0	15	4	1225	661	0	683	0	12	0	0	0	0	0	13	1556	662	0	684	0	0	0	322	1029	36	126	555	151	72	0	0	17	1471	0	38476	0	0	0	3777	0	0	47	0	0	55	0	0	0	31548	440	0	76	455	32	8717	0
CSM79HQR_P	0	0	0	0	0	875	0	0	0	0	2407	0	0	0	1398	0	2073	194	2175	10313	0	0	0	0	0	535	0	1591	0	0	0	0	0	0	0	0	0	239	0	0	0	0	0	0	0	0	10547	530	5543	0	0	396	0	449	1309	0	94	81	320	1308	0	0	0	26	254	46024	0	0	1442	224	124	0	0	1413	110	1531	3167	0	0	0	0	1531	0	0	12801	0	0
HSM7J4JT_P	0	2307	105	0	1829	0	45	0	0	17484	0	992	0	0	13020	0	0	2934	10294	17993	0	0	37255	0	5861	1894	0	54700	0	0	0	413400	161	0	0	0	333	0	12	0	51	0	25	0	434	0	0	0	1501	0	0	4992	16	84	595	0	0	318	63	166	965	30748	0	1704	0	157800	0	0	0	31208	0	0	2833	0	0	0	0	2083	281	0	1584	2344	2561	0	0	0	0
HSM7J4JV_P	0	0	0	0	588	3444	56	186	0	0	3641	0	0	6297	2583	0	7496	0	2585	6253	646	0	0	1047	3491	209	0	13670	0	1923	1654	251587	1497	602	15444	3236	0	237	0	0	0	0	0	0	0	0	0	0	13910	0	0	1239	1029	61	298	0	223	0	333	35	0	948	258	263	185	24922	0	0	0	734	0	0	0	1937	151	530	91	0	0	0	0	0	0	0	244	267	0
MSM9VZLX_P	0	0	0	0	0	19891	0	351	0	0	30052	0	0	0	14533	0	163754	71449	40787	144975	0	0	0	0	9449	0	0	44090	0	0	0	0	0	0	0	315	168	0	93	0	0	0	0	0	0	316	131	125	5006	0	0	0	49	75	1527	128	0	0	298	193	389	362	263	0	0	34735	0	0	0	81369	0	0	0	0	0	35	195	0	0	13711	2265	77	131	0	1186	0	0
HSM5MD5X_P	1907	102	195	0	2000	11680	305	2145	0	11	0	35392	1228	35	46049	348	16879	4183	15626	233403	35919	0	0	0	0	1056	0	1344	1681	0	83	1901	288	0	0	1872	507	2747	409	109	492	3654	117	10025	1303	633	1047	8	1939	0	0	0	1716	415	11241	346	13456	2627	1015	532	6969	5762	9682	2019	183	285120	585	230	533	13554	0	0	527	9748	1781	7884	40358	353	285	50219	488	5013	462	0	5302	18420	0
MSM6J2JF_P	16862	5208	2129	0	2698	27707	2149	3347	403	412	237	11786	21438	242	64370	7130	1763	21548	82559	97783	9469	0	0	0	4675	4223	0	23371	0	0	14	8912	8146	153	1006	18	9264	110	1313	35	224	1250	1882	603	361	5472	53	1112	22096	743	0	0	748	852	6628	0	933	0	530	540	2297	1284	0	16952	187	21383	12005	0	0	53129	17	0	6358	973	205	4635	2194	1332	177	69	119	11111	603	0	151	295543	1981
CSM5MCXB_P	25717	415	233	0	2297	6410	0	71	1504	0	142	10960	0	496	7834	0	123417	13647	38901	15657	2215	0	0	0	0	145	0	516	1529	0	0	459	525	4160	3253	15002	0	313	407	0	275	47	931	0	184	127	25809	792	4483	0	0	323	3714	9351	12089	39	641	20623	10129	583	18285	81	0	4913	0	45510	406	703	29314	12039	0	0	9913	1157	4348	3066	9723	2464	2272	0	863	14293	0	0	4138	270	1134
CSM67U9T_P	6	0	4115	0	0	53652	46185	79038	0	0	404	32	98	427	274767	0	1347	46140	102772	1462	12964	0	0	0	0	52990	0	107	117839	0	27	2249	0	0	149	0	0	10	2222	37	2946	458	22067	0	775	1794	0	0	533	0	0	0	0	9565	8473	0	3182	0	1097	0	0	4429	0	10958	0	544	0	0	0	10265	1854	0	12571	0	0	98	364	0	0	100	0	255	475	0	327	1318	0
CSM67U9X_P	219	4	296	0	997	34543	722	917	266	73	78592	117	131	53448	6820	2201	227928	5974	16468	151878	10308	0	83	701	3416	22342	0	3485	1470	0	0	3769	501	5244	34138	6625	0	0	192	0	0	14	664	0	0	1679	7700	2075	80418	1535	0	0	130	675	4770	1993	2146	0	0	488	241	2896	665	6638	0	32215	0	0	15349	12607	0	2033	10764	0	0	837	287	1085	398	31853	555	995	1020	0	0	206	0
PSM6XBQM_P	0	0	0	36	82	10221	1200	7253	0	9256	0	0	0	54579	1990	0	156	981	16840	41114	0	0	0	0	0	2728	0	0	6776	0	0	198	999	1350	2671	955	0	110	0	0	0	0	19	0	0	0	0	0	1548	0	0	0	0	46	1029	138	0	214	174	0	0	874	0	374	0	71862	0	0	0	4698	0	0	143	5274	187	2038	11692	0	0	11134	886	0	0	1852	3133	20	0
PSM6XBSG_P	0	0	287	0	0	54641	1325	6843	215	0	996	3469	0	3685	29967	0	11333	32226	10341	61258	7663	0	0	0	0	6900	0	146	9323	0	116	57896	0	350	1379	0	0	0	250	0	0	0	0	801	0	0	2116	259	11398	2823	0	0	854	200	1022	0	0	0	1273	3615	1619	2187	0	3169	0	51914	0	0	0	2994	0	0	172	0	119	538	1863	0	0	0	0	378	39	0	1006	0	0
MSM6J2RG_P	0	0	9	0	0	0	0	1844	0	22081	0	0	0	259745	42303	0	3	28	107204	2351	7274	0	0	0	0	0	0	9215	0	0	0	33	1586	19626	0	0	0	0	15587	580	1599	2705	0	0	17017	0	0	0	0	0	0	0	0	0	13026	601	47	0	1675	1037	0	0	0	0	0	196483	0	0	0	200768	0	0	11850	1190	20	6212	913	0	0	0	0	31	21	0	98	0	0
ESM7F5AE_P	47	35	3232	626	225	20687	6439	28127	918	3008	2250	2863	16	6843	37637	710	20224	8468	43920	25382	6078	0	11044	18	4263	32886	0	962	9555	988	2789	174124	1496	1748	18336	3411	0	0	411	26	0	92	5685	0	74	494	349	717	7890	1295	0	419	1001	2166	803	594	842	0	821	48	1033	1568	409	6225	0	24895	0	0	575	22895	251	173	2817	0	0	58	120	6	0	7947	457	169	158	0	639	1219	58
CSM79HJI_P	745	469	340	0	227	23945	123	6026	15277	3593	261	201338	0	780	5234	0	48637	7556	19664	54356	865	582	176	0	3428	26930	0	2474	4295	0	37	50263	4037	15513	29855	802	0	8	37574	0	0	363	3492	245	65	291	193	1043	1272	898	0	380	20001	280	5511	167	9697	0	1780	983	8495	67	1035	4826	0	37514	360	0	73	7589	0	307	13650	0	0	191	0	290	412	0	1976	213812	5332	0	92	1991	0
CSM79HNY_P	0	0	0	0	0	2377	0	0	125	0	0	0	13089	0	17073	0	28	51	58525	26513	0	0	0	0	0	128	0	10483	0	0	0	344	0	0	0	0	2	0	9059	0	0	0	54	0	0	0	1162	0	17180	7175	0	0	0	2871	494	292	179	0	0	261	0	396	0	1544	0	9286	0	0	1447	1614	0	6617	77	0	0	0	0	91	7	0	0	0	0	0	0	7001	0
PSM6XBW1_P	0	0	3277	1473	0	19905	0	5766	443	5963	840	6340	0	1015	9017	564	2986	1775	29389	17047	210	0	29723	0	11446	604	0	155	20561	2165	6045	329709	3252	3312	52638	10738	0	0	145	48	0	24	6544	0	143	111	29	1767	7342	717	0	81	2910	960	2050	599	522	0	1040	160	668	2109	0	0	0	48816	0	0	1279	62346	0	2	0	0	0	186	52	0	0	21724	928	0	0	0	664	250	31
HSM7CYWS_P	157	184	582	557	653	6144	702	10076	1529	3316	4717	175	3	31234	12632	158	52496	419	9850	43991	490	128	5665	586	0	6835	0	3921	0	1078	2943	3263	215	1081	11251	282	0	0	5	0	0	0	74	0	0	19	1687	129	11738	235	0	2913	101	300	350	842	953	0	1000	545	2232	2013	0	1492	0	58991	88	0	3	3162	0	1784	2232	0	0	0	3	103	109	801	246	505	18	0	227	32	34
HSM7CZ2V_P	303	0	795	0	55	25024	129	9585	4	15288	8	3083	0	1137	2192	0	157523	2548	8852	137686	1208	167	651	0	8162	15627	0	12836	0	0	4	11954	3158	241	15469	2680	0	0	94	0	0	0	24	0	125	16	0	0	2634	0	0	8	1219	0	3839	417	0	0	331	3169	273	20	0	1724	0	23020	3037	90	0	15210	0	331	0	0	0	0	94	153	1954	29	2373	5650	0	438	39	278	0
PSM7J1B3_P	211	0	13384	2011	26	8430	30207	3287	5988	709	4713	3682	185	783	3434	860	6270	6838	7558	15363	5256	0	974	0	0	4452	0	1864	3971	0	517	75764	1993	1698	6132	1151	0	229	85	0	0	0	135	0	0	189	1399	44	3530	927	0	116	142	482	738	182	3	232	273	17	321	109	33	1440	0	10119	23	11	117	4835	0	178	1830	0	6	48	187	34	26	240523	293	162512	0	5101	472	0	94
MSM79HD6_P	0	0	240	0	142	28003	10308	8122	247	26	47198	87	0	89805	12281	0	952	48	42095	242764	186	0	0	5740	0	1492	0	6887	0	0	0	303	26	11668	80307	0	0	0	171	0	0	26	0	0	12	268	3816	0	3110	0	0	0	65	234	536	97	0	0	959	5471	8877	1885	1911	2275	0	74506	0	0	0	827	0	0	203	0	0	6	180	571	854	64	0	0	131	0	4634	0	0
MSM9VZFJ_P	35	0	115	308	180	33659	22656	30	57	0	5	1283	0	0	9062	0	2216	10640	33178	81356	372	0	8797	0	9672	127	0	22873	0	0	0	107	495	0	74537	5972	0	0	12	0	0	146	68	117	0	216	2445	465	17899	0	0	1531	20	342	837	709	95	0	123	263	8350	3934	0	0	0	42145	0	0	255	13542	0	0	0	0	0	0	39	0	101	16676	0	995	268	0	0	0	0
CSM7KOQ5_P	0	0	801	0	0	1095	790	79	0	0	0	8	0	0	343	0	122	333	4896	101692	0	0	151	0	0	150	0	847	62	0	0	31	0	0	2519	73	0	0	544	0	0	0	0	466	0	3937	0	5	60902	0	881	0	464	0	203	0	0	0	0	15259	416	9033	0	15456	0	196733	0	0	0	376	0	0	10808	0	0	2848	864	3081	15	610	0	474	354	0	0	0	30
MSM79H94_P	0	0	0	0	0	418	803129	392	430	107	268	64709	0	32	205	0	249	174997	15580	214210	80438	0	0	0	6929	7649	95	0	44244	0	0	3932	43479	36	94769	27470	0	0	307	0	674	0	0	0	0	1501	0	0	56	0	0	0	312	0	0	0	0	0	26	0	0	0	201	2705	0	14715	0	0	0	9692	0	0	18765	0	0	0	8	863	765	7	4235	6053	0	1356	0	0	26
MSM9VZJF_P	7465	0	176	0	3843	19788	0	684	453	1602	0	1444	0	197	2100	0	3088	401	1282	10246	65	0	0	0	3951	382	0	3097	178	1041	3592	49324	217	199	368	370	0	324	106	252	0	400	0	0	0	1519	17334	426	18547	1407	0	0	0	735	11708	7186	57419	0	1624	43147	0	8659	0	13349	257	144789	0	9193	0	28081	198	0	0	0	0	0	0	0	0	4124	0	9728	1783	0	0	0	0
CSM67UAI_P	0	0	0	0	0	0	0	0	0	0	0	0	0	0	0	0	0	0	0	0	0	0	0	0	0	0	0	0	0	0	0	0	0	0	0	0	0	0	124028	5066	48549	0	0	316	1507	35	0	0	8592	0	0	0	781	0	137	0	4355	0	0	0	14339	105	0	0	0	0	0	0	0	295	447	0	0	102	751	12380	2821	0	0	0	0	138345	5862	0	69	0	1520
MSM5LLHR_P	0	0	155	0	1407	60241	221134	13230	0	418	0	11684	88	0	14835	0	861	0	63442	183699	3245	535	1414	2394	15091	1283	0	30847	8500	0	0	0	2304	6277	75272	2932	0	0	2026	867	1241	0	1742	0	0	204	7591	2642	15640	579	0	2141	0	5393	1370	1215	3419	0	0	560	71	25647	0	5664	0	63964	0	505	5850	9887	1000	0	13167	0	0	267	215	0	0	51550	20841	902	0	0	0	0	80
ESM5MEDZ_P	0	0	0	0	134	0	0	0	0	37786	0	0	0	0	62798	0	0	30	0	269538	1402	0	0	0	0	42336	0	0	5559	0	0	0	0	0	0	0	0	308	391	0	0	0	0	11346	802	27	640	0	28021	0	0	0	3409	819	1070	1399	474	0	120	0	0	335	150	32	266	106126	0	0	0	264	0	0	733	1005	1150	341	3902	5	830	0	2721	0	0	0	2680	0	0
MSM5LLIQ_P	0	0	0	0	0	0	0	4330	0	0	0	21586	0	0	0	0	0	387	1034	281289	0	0	0	0	0	0	0	0	0	0	0	0	0	0	0	0	0	0	0	0	0	0	0	0	0	0	0	0	0	0	0	0	79035	0	0	0	0	0	0	0	0	0	0	0	0	12583	0	0	0	6773	0	0	0	0	0	0	0	0	0	0	0	0	0	0	0	0	0
MSM5LLIC_P	0	0	772	0	122	23992	3707	2063	0	90	31731	45	0	74480	12899	4311	17129	5718	13293	20661	0	3492	21988	0	16408	7858	0	50	7875	0	0	0	20036	1553	27330	21671	0	1061	560	345	0	0	0	0	250	51	3463	237	42078	94	0	11980	0	492	3648	1780	363	773	1387	6645	11044	1941	2229	3616	162	134332	0	682	0	38320	0	0	46636	0	161	179	476	9289	1206	0	9409	308	808	0	5147	11784	0
MSM5LLHV_P	866	0	184	0	166	0	0	2024	0	0	0	0	0	0	137	14	57391	13764	131111	11067	0	3939	23	0	2223	5987	0	0	346	0	48	0	5949	53267	0	0	0	0	308	329	26	326	9265	0	38	113	2603	0	4074	0	0	0	612	165	969	0	735	0	0	25	0	0	168	4949	0	17666	0	0	1164	26729	0	40526	9742	0	0	0	6	0	444	0	5563	4164	725	0	0	25226	0
CSM5FZ3T_P	0	0	0	0	0	0	0	2989	0	0	0	115179	0	0	0	0	0	133712	27	168473	11623	0	0	0	0	0	0	0	0	0	0	0	0	0	0	0	131	0	13649	0	26049	0	0	0	0	651	0	0	1064	0	0	0	0	0	0	0	658	0	176	51	0	0	67	0	0	0	0	0	0	246	0	0	25593	0	0	0	0	0	0	0	0	0	0	0	0	0	0
MSM5LLFG_P	0	0	0	0	0	24213	0	0	0	0	0	41	0	0	38189	0	26420	20633	14054	18952	0	0	0	0	0	40	0	43038	0	18533	64639	0	0	0	72917	0	0	0	11876	133	417	98	498	0	51	0	7252	45	11260	1439	7	0	346	155	5397	0	213	0	367	796	3	456	0	8855	0	80744	0	0	0	22630	25	0	0	0	0	0	43	0	0	0	8741	2627	0	0	0	4578	1737
MSM5LLIS_P	0	0	0	0	78	5180	140	31	0	679	0	6244	310	0	3072	0	78	1963	30717	9449	634	399	1239	0	2233	70	26	2460	0	0	0	671893	190	14	75	1766	0	0	0	0	0	0	0	0	0	0	4104	0	7218	203	0	190	0	552	141	16	39	126	130	127	6332	5271	0	694	176	67353	0	0	0	5230	0	0	0	0	0	0	56	0	0	25932	56	0	0	0	0	0	0
ESM5GEYY_P	0	0	772	0	131	52848	73372	28338	0	8	0	209262	0	0	438	0	20	101598	125	72254	30743	0	0	0	29447	0	0	25136	0	0	0	29194	7248	5468	5236	0	10695	1410	3258	334	0	636	0	0	1792	0	0	0	219	0	0	0	843	0	4637	0	117	0	547	0	0	5447	0	218	0	98897	0	0	0	16807	6	0	4163	1186	85	6937	26807	0	0	0	6507	4329	884	60221	6469	0	0
CSM5MCTZ_P	168	0	272	0	469	31054	812	3303	1494	2245	0	4433	0	0	22246	7475	68062	1100	42388	91848	1451	404	33334	0	3943	13	0	5940	0	8567	39729	0	0	1061	37336	3635	0	0	47	30	0	278	0	0	0	200	7390	77	14059	0	0	0	0	596	1765	408	1571	0	777	34	68	9236	0	1561	0	99671	0	0	3981	28173	86	0	84	0	0	0	27	75	772	6997	927	0	0	0	1341	0	0
HSM5MD87_P	0	506	8867	36	954	49812	0	11466	0	0	0	2829	0	0	86055	0	61939	0	76477	51	0	0	0	0	0	8463	0	61999	0	0	0	490	0	0	0	3695	0	2113	253	0	0	0	119	0	12	2215	0	10	25586	3182	0	24159	239	76	708	950	1244	100	0	569	0	585	4701	2385	0	199524	0	0	2533	16263	0	0	6949	497	162	2329	1673	4209	1114	0	760	10294	0	0	817	0	0
CSM5MCU4_P	0	0	0	0	0	0	0	676481	0	0	0	0	0	0	0	0	0	5	121	147	0	0	0	5625	21578	0	0	0	0	0	0	0	0	0	0	0	41532	0	19369	0	31481	0	0	0	6733	205	3888	0	0	0	1810	0	2589	704	620	0	0	0	0	13643	0	2011	0	8212	0	102	0	0	0	10671	10	0	0	0	0	0	25	322	5292	0	0	0	0	0	0	0	0
HSM5MD82_P	12502	5448	8076	0	2956	34413	0	3164	4780	294	2	1000	0	0	606	0	32994	42869	2745	25625	0	0	0	0	3847	13235	0	0	0	0	0	172160	140	23721	69158	0	0	233	3019	160	3	470	25315	28	464	357	4707	3413	0	445	0	459	2216	887	790	0	648	0	0	110	0	0	1176	5591	0	234585	0	0	0	9605	0	0	92379	0	3	243	307	3441	2	0	2924	4961	1302	0	244	1241	0
HSM5MD8A_P	0	135	3931	947	8601	69641	0	5465	36033	0	16153	12576	0	0	54440	0	6756	11706	16065	21260	248	0	0	0	0	0	0	44666	0	313	1180	0	697	15151	993	0	0	220	349	0	0	343	8540	1837	0	449	231	361	38958	0	320	11857	7338	399	104401	1812	677	3443	35537	59139	3936	31957	0	3436	65	1287	58	0	0	29243	327	0	5391	329	535	2095	1727	1427	747	0	5198	10001	0	0	3422	181	0
CSM6J2H9_P	232	0	601	0	39	17936	10398	54	0	0	0	5393	0	0	1329	29417	223490	4568	189590	77033	23113	10060	44586	0	0	3265	534	37030	0	0	0	0	0	17647	88466	1867	0	0	116	12	0	0	5673	0	0	54	1673	244	25953	0	0	6333	363	734	4569	0	1158	0	98	15537	17303	12945	0	6172	347	294726	10131	0	31666	153484	0	4526	0	0	0	0	26	0	0	0	2584	117	0	0	147	0	0
CSM79HHO	0	0	44	0	9	7167	0	37846	0	0	0	3247	0	0	22	0	71594	2125	22501	0	915	4362	32190	495	6375	518	0	14273	0	0	0	0	16098	44927	31502	15162	0	0	0	0	0	0	199	0	0	0	433	0	907	54048	0	132	0	535	297	165	210	383	279	817	2013	115	0	2644	0	26859	0	616	197	32951	0	0	0	0	0	0	0	0	0	6202	200	0	61	0	388	1280	130
CSM79HKX	0	0	0	0	204	13	12851	35	6	285	8	1620	0	288388	18171	0	107194	20049	158903	64114	10884	0	0	0	0	900	0	0	20948	0	0	0	0	0	0	0	0	0	30	3	0	0	24	0	0	458	145	42	9617	0	0	27118	0	317	1011	0	104	0	0	3065	103078	15436	0	1963	0	127678	3239	0	35	935	0	168	0	102	98	200	493	172	0	0	1888	99961	0	0	135	107	0
CSM79HNE	383	0	68	0	0	0	0	0	0	0	0	33012	0	0	6867	0	0	0	2	4	0	0	0	0	0	0	0	0	18	0	0	0	0	0	21497	0	0	14	0	0	0	0	0	0	0	12	576	0	10502	0	16	0	69	3	1237	0	24	0	5	462	254068	1625	0	396	1063	21009	0	0	0	2229	0	0	521	0	0	0	0	0	0	0	0	0	0	0	0	0	0
CSM7KOP6	0	0	0	0	429	0	35847	87	0	0	0	15796	0	65610	14719	0	30282	2074	117991	16830	314	0	0	0	0	2132	0	14894	20678	0	0	0	710	35978	52448	5379	0	0	0	0	0	16	626	0	0	136	2633	278	2800	5936	0	0	0	963	2455	399	163	0	523	0	0	211	269	1254	0	22101	7512	0	0	8086	0	0	0	0	0	0	0	386	13	0	577	710	397	0	0	0	0
ESM5MEDN	0	0	0	0	579	11027	0	57630	0	733	0	4622	0	0	2859	0	66191	169	2947	66	816	0	0	0	1947	0	0	310	0	0	0	0	12948	1141	14283	5687	0	726	229	38	0	222	1248	0	0	170	0	1540	5233	0	0	373	0	205	1865	1179	0	0	0	0	0	0	196	4795	0	22484	0	0	0	8194	0	0	0	135	0	0	16	318	422	0	977	209	0	109	62	7516	34
HSM67VID	0	0	0	0	0	10534	0	1319	0	200	0	1370	0	7	142	0	33	5290	9735	8087	285	250	0	1096	1386	0	2064	5959	0	0	0	166981	0	987	8019	425	0	0	0	0	0	0	0	0	0	0	71	0	27	37709	0	0	0	147	424	0	131	0	154	628	0	0	2454	276	351	18805	0	0	0	9230	0	0	0	0	0	0	0	0	0	0	285	2122	585	0	800	0	0
HSM7J4J7	0	0	358	374	0	55708	0	3	10	77591	0	26290	0	70	23450	0	193	0	39462	202647	3685	0	0	0	3644	0	0	28270	0	0	0	0	274	0	0	1258	0	0	3538	185	63	115	0	0	0	0	0	825	7954	0	7	425	1072	168	3100	0	1249	12515	491	31	0	976	123	0	0	18160	0	0	0	7762	61	0	0	269	0	0	136	1158	1337	0	0	12912	188	0	21	0	0
HSM7J4JH	0	0	529	0	0	0	0	0	0	0	0	0	0	0	0	0	10	0	12	34	0	0	0	0	0	0	0	0	0	0	0	0	0	0	0	0	0	409	31160	0	0	149796	0	482	21115	0	0	0	9078	0	0	0	299	0	502	0	0	135	0	0	1848	0	0	0	0	47	0	0	0	7783	0	0	0	9485	898	11	7696	0	0	0	0	3628	368	0	16295	136	201
HSM7J4Q1	0	0	2909	399	129	43245	0	35659	0	7	0	2315	0	0	86595	0	0	18356	33200	0	1739	0	59707	0	22460	545	0	50768	0	6496	14401	0	11498	107767	0	0	40819	59	16	0	0	0	3000	0	0	0	0	112	31533	976	0	871	0	54	261	74	315	0	229	269	5690	23	0	4470	0	130793	29	0	0	10299	0	0	1183	754	399	3205	6098	478	161	0	751	0	0	0	801	0	0
HSMA33IE	0	0	21	0	0	66930	0	0	43068	724	0	10567	0	0	268	0	0	214	57548	46539	0	1475	50833	0	0	0	0	62606	0	0	0	0	1460	8924	39543	0	0	11	3212	17	0	0	223	0	84	48	0	1673	844	0	0	0	111	170	7341	0	777	0	1179	637	0	0	0	2829	0	267	0	0	0	819	0	0	68	0	0	0	0	32	0	2941	4652	517	0	0	0	0	0
MSM79H5E	0	0	0	0	210	14378	361	0	545	0	2062	0	0	75316	4409	0	5782	7217	2851	47496	1702	1490	44692	61	6196	5145	0	13790	812	1470	3753	72674	2334	2610	33334	7631	0	0	60	0	0	0	0	0	0	0	1682	1443	3566	0	0	1443	0	542	3540	797	536	914	5062	3615	1166	1535	0	3545	191	30828	0	831	0	32977	0	0	0	0	0	0	0	0	4	19757	595	347	0	0	0	2645	0
MSM9VZNR	0	0	0	0	0	0	0	63	0	39831	0	0	0	0	0	0	0	12220	0	349827	0	0	0	0	0	0	0	0	568	0	0	0	0	0	0	0	0	10	4652	0	139	0	0	225	8256	5646	1983	0	0	0	0	0	1557	0	3084	0	0	238	0	0	14649	0	0	7103	0	32249	0	0	0	407	419	0	8721	0	65	545	493	0	0	0	0	5015	1583	0	977	0	0
MSM9VZPH	0	0	0	0	0	0	15203	6968	0	0	29	36884	1067	53	7652	0	0	0	218916	1482	353	0	0	0	6162	0	0	0	363	0	0	0	0	0	37987	0	0	0	109	66	0	0	225	0	77	248	2119	1573	41627	111	0	6	3285	1001	8174	1240	1737	0	9473	502	1952	2255	0	2752	0	69724	0	0	0	38425	0	0	67467	0	0	0	22	3731	8321	0	0	0	0	0	0	0	0
MSMA267V	3539	0	2289	251	2008	5769	374	3534	0	0	13184	0	0	21584	5817	0	15307	2116	6433	9181	590	0	7064	0	3886	219	389	3806	3061	7311	7071	0	4726	5293	14502	7627	0	33	0	0	0	0	684	0	0	37	1329	1610	3640	163239	0	822	0	2642	5245	1467	24656	0	2208	1136	11482	2322	1881	3028	0	90668	4728	1805	635	32856	0	0	0	0	0	0	21	302	578	0	0	0	0	0	182	864	0
PSM7J13I	0	0	0	0	0	41994	0	98027	0	0	0	11001	0	0	0	0	0	56698	143877	0	16053	0	0	0	9682	4189	0	0	6776	0	0	0	5693	7091	21818	9133	0	0	4448	68	0	10	0	0	0	15	0	8	2735	0	0	0	353	66	2104	484	86	0	411	0	0	0	485	1153	0	16750	0	0	0	17611	0	0	0	1961	0	533	5230	0	0	0	0	72	132	0	0	0	0
PSM7J1BV	1113	611	1234	0	561	16313	2276	5863	0	11487	0	13781	0	0	29928	0	281995	328	26321	14020	196	5560	33361	0	6920	3674	0	62538	0	0	0	0	1179	0	21611	8436	0	0	0	0	0	0	0	0	0	0	1107	1165	1137	0	0	0	0	923	0	333	667	0	584	128	1963	995	6324	2053	0	13285	3624	0	0	3262	0	0	62	0	0	0	69	4	8	37396	865	0	0	0	0	0	0
PSMA264O	2279	0	514	0	0	44206	0	0	0	0	11195	0	0	24342	5955	0	4293	15173	2662	16050	71	0	0	0	0	32	0	3049	6153	0	0	268234	0	0	0	0	0	0	425	0	0	150	0	4	710	1286	1196	0	1879	0	439	0	296	11	229	0	0	0	492	10797	1371	9152	0	2316	569	95531	0	0	0	71	50	0	7374	246	144	1652	511	0	0	0	0	0	0	0	2107	0	0
ESM5GEYX_P	0	0	0	0	181	12734	6085	8158	0	7766	0	0	4417	43945	24683	0	60	98	12541	15191	4948	12604	23006	0	3763	3209	3362	0	12069	0	0	0	111	19345	46427	1577	0	1299	0	0	0	0	751	0	0	0	2423	0	13666	15392	0	0	0	402	121	1035	1806	377	120	201	1316	823	9191	477	0	100447	0	214	0	67592	0	0	24040	1398	128	2551	0	0	0	6392	335	0	248	620	1560	272	0
CSM5FZ4E_P	0	0	0	0	0	582	0	62306	0	0	0	0	0	0	233570	11530	21	30544	481739	827	8318	0	0	0	3505	118	0	204	38881	0	0	0	719	29261	86913	56	0	0	15	0	737	21	10	0	204	0	0	8645	0	5903	199	0	3761	2180	1501	1434	2050	0	118	0	0	0	35	5453	0	57270	6972	0	0	26724	0	92823	0	0	0	0	0	0	0	0	4669	0	0	0	0	0	0
ESM5MEAB_P	0	0	41	0	1459	45	0	1641	0	0	99	0	0	609	13185	0	103538	0	17523	11600	21	0	114	0	0	62	0	38461	0	0	0	0	151	118	137	23	0	1579	1855	0	439	7	0	0	0	0	10821	106	0	0	0	0	2314	28	2153	0	279	0	0	1564	0	0	0	0	281	38964	0	0	0	8106	66	23067	794	0	0	216	1220	0	0	0	0	2015	0	0	6154	7	1437
HSM5MD6O_P	0	0	0	0	0	12715	0	0	0	0	0	0	0	0	14696	0	78315	0	109011	35772	1498	0	0	0	0	0	0	0	88486	0	0	0	835	17865	20718	0	0	0	0	0	0	0	241	0	0	102	3928	0	2022	0	0	0	0	22	602	0	0	0	0	350	0	669	813	411	0	14143	0	0	30	371	0	0	2870	95	526	3988	1415	0	0	0	0	0	0	0	724	0	70
CSM67UCU_P	75	164	512	0	13	0	0	32757	0	0	0	9212	0	0	858	0	0	1870	121309	57786	1923	0	0	0	0	15172	0	0	1208	0	0	57	4877	54835	123138	12705	0	0	0	0	0	0	0	0	0	242	593	20	9140	1694	0	398	0	49	103	0	36	0	111	0	0	174	55	666	0	23958	0	605	0	7805	0	0	0	0	0	0	0	183	516	0	0	1662	529	0	0	0	0
MSM79H52_P	0	0	7552	0	0	23799	0	748	0	4384	0	0	0	0	4698	0	0	433	1698	6863	0	7153	33303	0	0	28806	0	0	0	0	0	0	1045	4398	25987	8082	0	104	0	0	0	0	2021	0	0	0	474	0	5782	820	11119	0	0	29	5906	0	0	0	288	495	0	0	0	1602	0	1127	150852	0	0	32726	39	0	0	0	0	0	0	0	0	0	174	97	0	0	0	0	0
HSM7CZ1T_P	15	0	927	1287	0	0	0	0	0	0	0	16817	0	0	14789	0	188801	12510	118816	232043	1273	0	0	0	8371	167	5282	0	55191	0	0	0	1925	27069	0	15497	0	0	296	0	0	23	465	0	1327	319	134	174	0	0	79	4384	712	1109	618	646	934	0	1836	103	3776	9663	0	7855	0	51528	0	0	5727	6596	86	0	0	0	0	81	139	2472	1692	0	1735	2417	1315	0	412	1271	595
ESM718U9_P	0	0	0	0	0	0	0	0	0	0	0	78652	0	0	1703	0	45163	5302	3355	13104	53	0	0	0	0	3644	0	1811	0	0	0	0	0	0	0	0	0	0	0	0	0	565	0	0	489	701	0	0	0	0	0	0	0	0	0	15	0	0	0	0	0	0	146	0	0	11006	0	0	0	739	0	0	0	0	0	1284	548	1217	617	0	4463	40700	0	0	0	119127	0
CSM79HH2_P	3441	208	287	0	179	11242	115492	3868	589	5542	8780	2024	0	18783	15457	10379	46808	3448	20953	77300	331	6438	571	0	34652	4143	0	5168	21598	0	88	9806	4385	17750	9521	13524	0	0	2039	42	5750	127	1567	0	111	6803	26	612	9281	428	6	23	433	0	429	292	1036	0	55	2586	68	55	0	15513	0	13438	775	0	0	77157	0	234672	3190	0	0	0	0	6089	4730	0	3907	14347	0	0	0	3527	0
ESM5MEC7_P	1269	0	542	0	945	16011	7	6955	703	9871	17	55556	0	921	726	0	100779	1952	56421	311592	557	8148	361	0	7963	12486	0	7848	0	0	131	13384	10847	13546	19372	5476	0	24	495	25	0	2623	339	2930	245	525	112	0	4565	561	0	14	2258	100	5975	1814	0	0	28144	2067	99742	1250	0	14822	582	60333	1876	14	0	9709	129	0	8286	704	0	3265	33	125	1337	87	1540	17107	610	763	3044	319	936
CSM7KOUJ_P	109	0	0	0	0	91835	0	11490	79598	332	110586	0	0	193	1781	0	327	55658	44927	39513	1700	0	196	0	0	5309	0	131	5533	0	0	1828	0	124	146	0	0	0	0	0	0	0	0	0	0	0	2921	57	531	0	0	9	62	530	1508	100	0	0	0	1972	20	1223	0	1603	0	16549	0	0	1793	3207	0	0	50	0	0	102	186	144	653	61	0	0	0	0	390	0	0
ESM5GEYU_P	0	0	588	0	0	0	0	318	6625	0	0	128392	0	618	114	0	243	0	57093	22280	0	0	0	0	0	299	0	0	336	0	0	0	0	0	0	0	77	33	10593	151	237	4040	2573	0	12670	2303	780	0	68502	0	0	0	134	38	506	80	0	0	0	1104	1589	927	0	1565	0	100716	71	0	0	1209	0	394	35518	4636	1624	29058	15972	2473	991	2559	0	34356	737	0	8214	0	0
ESM5MEEJ_P	962	144	1027	0	357	21137	0	8188	0	83	0	0	0	11231	39888	18075	0	91804	124072	33931	2825	0	0	0	0	0	0	29318	92069	0	0	0	0	0	0	0	0	12	195	108	9	463	345	0	904	928	0	0	0	0	0	2820	0	68	0	250	367	0	101	470	1208	1782	2756	5524	0	241335	0	0	0	1289	0	0	15827	2853	110	863	0	175	195	15897	0	0	0	0	723	0	0
CSM5MCUQ_P	0	0	80	0	895	0	4338	0	0	67081	0	2243	15459	0	0	0	139967	2699	73843	42	0	0	0	0	0	2791	0	77432	0	0	0	0	0	12100	36508	0	23289	0	618	97	1049	2219	1938	0	190	1359	3772	434	2394	17150	405	0	949	366	3566	0	2365	0	0	48	2863	1880	0	27424	0	81542	5447	0	6051	242679	472	0	0	0	0	0	0	2378	347	0	14733	14761	460	0	0	6389	0
HSM5MD4U_P	0	0	537	0	0	0	0	0	0	0	0	0	0	0	0	0	8	0	374500	79	0	0	0	0	0	0	0	0	0	0	0	0	0	0	0	0	0	42	224	0	9470	1279	0	0	8886	2051	0	0	0	0	2130	0	10774	5	5385	0	0	1661	0	0	3390	3233	1039	0	0	29	0	0	0	7547	50	0	12400	698	83	4603	0	0	0	0	0	7346	0	0	5	273	0
